{
  "generated_at": "2026-03-01T06:17:37.670652+00:00",
  "tickers": [
    "AAPL",
    "AFL",
    "AKAM",
    "APO",
    "AXP",
    "BEN",
    "BTC-USD",
    "CCL",
    "CFG",
    "CHRW",
    "CINF",
    "CMI",
    "DELL",
    "EME",
    "ETH-USD",
    "FSLR",
    "GILD",
    "GS",
    "HLT",
    "HST",
    "ICLN",
    "INTC",
    "IR",
    "JNK",
    "KBE",
    "KRE",
    "LUV",
    "MCHP",
    "MET",
    "MPWR",
    "NUE",
    "NVDA",
    "ON",
    "PBW",
    "PCAR",
    "PHM",
    "PKG",
    "QCLN",
    "SOXL",
    "STLD",
    "STX",
    "TAN",
    "TNA",
    "TT",
    "TUR",
    "VMC",
    "VTRS",
    "WBD",
    "WSM",
    "XHB"
  ],
  "ticker_count": 50,
  "matrix": [
    [
      1.0,
      0.162,
      -0.362,
      0.397,
      0.451,
      0.3,
      0.113,
      0.343,
      0.427,
      0.456,
      0.127,
      0.185,
      -0.003,
      0.118,
      0.107,
      0.012,
      0.101,
      0.4,
      0.309,
      0.363,
      0.362,
      0.214,
      0.163,
      0.243,
      0.372,
      0.353,
      0.22,
      0.006,
      0.427,
      0.27,
      0.318,
      0.307,
      0.168,
      0.261,
      0.153,
      0.083,
      0.17,
      0.284,
      0.18,
      0.379,
      -0.139,
      0.399,
      0.234,
      0.322,
      -0.074,
      -0.014,
      0.425,
      0.171,
      0.273,
      0.201
    ],
    [
      0.162,
      1.0,
      -0.214,
      0.046,
      0.281,
      0.119,
      -0.445,
      0.187,
      0.123,
      -0.052,
      0.361,
      -0.462,
      -0.247,
      -0.174,
      -0.439,
      -0.079,
      -0.079,
      0.011,
      0.352,
      0.208,
      -0.332,
      -0.21,
      0.077,
      -0.193,
      0.188,
      0.182,
      0.161,
      0.036,
      0.31,
      -0.139,
      0.058,
      -0.336,
      0.089,
      -0.281,
      -0.071,
      0.081,
      0.071,
      -0.326,
      -0.289,
      0.035,
      -0.225,
      -0.218,
      -0.141,
      0.045,
      -0.093,
      -0.098,
      -0.04,
      -0.114,
      -0.068,
      0.125
    ],
    [
      -0.362,
      -0.214,
      1.0,
      0.106,
      -0.037,
      -0.028,
      0.156,
      0.035,
      0.105,
      -0.289,
      -0.064,
      0.188,
      -0.14,
      0.077,
      0.232,
      -0.182,
      0.129,
      -0.005,
      -0.068,
      -0.03,
      -0.031,
      0.155,
      0.036,
      0.15,
      0.092,
      0.065,
      -0.117,
      0.055,
      -0.052,
      0.073,
      -0.189,
      0.051,
      0.248,
      0.12,
      -0.229,
      0.06,
      0.128,
      0.146,
      0.175,
      -0.171,
      0.206,
      0.015,
      0.213,
      -0.145,
      0.018,
      0.115,
      -0.043,
      -0.066,
      0.095,
      0.021
    ],
    [
      0.397,
      0.046,
      0.106,
      1.0,
      0.633,
      0.655,
      0.471,
      0.382,
      0.548,
      0.129,
      0.182,
      0.445,
      -0.084,
      0.103,
      0.529,
      0.033,
      -0.171,
      0.612,
      0.241,
      0.469,
      0.338,
      0.11,
      0.262,
      0.388,
      0.617,
      0.565,
      0.333,
      0.214,
      0.673,
      0.348,
      0.304,
      0.33,
      0.253,
      0.394,
      0.156,
      0.118,
      0.263,
      0.408,
      0.278,
      0.313,
      0.253,
      0.501,
      0.501,
      0.111,
      0.279,
      0.172,
      0.361,
      0.323,
      0.493,
      0.21
    ],
    [
      0.451,
      0.281,
      -0.037,
      0.633,
      1.0,
      0.519,
      0.173,
      0.423,
      0.748,
      0.26,
      0.142,
      0.205,
      -0.251,
      0.111,
      0.226,
      0.025,
      -0.15,
      0.652,
      0.431,
      0.565,
      0.306,
      0.006,
      0.336,
      0.491,
      0.763,
      0.722,
      0.318,
      0.241,
      0.633,
      0.28,
      0.377,
      0.179,
      0.238,
      0.4,
      0.194,
      0.089,
      0.21,
      0.357,
      0.216,
      0.31,
      0.082,
      0.388,
      0.583,
      0.074,
      0.053,
      0.187,
      0.246,
      0.226,
      0.461,
      0.245
    ],
    [
      0.3,
      0.119,
      -0.028,
      0.655,
      0.519,
      1.0,
      0.226,
      0.267,
      0.52,
      0.251,
      0.167,
      0.316,
      -0.085,
      -0.071,
      0.209,
      0.099,
      -0.121,
      0.552,
      0.388,
      0.514,
      0.271,
      0.102,
      0.252,
      0.217,
      0.58,
      0.557,
      0.299,
      0.296,
      0.593,
      0.045,
      0.235,
      0.067,
      0.301,
      0.25,
      0.259,
      0.218,
      0.181,
      0.336,
      0.066,
      0.294,
      0.039,
      0.379,
      0.462,
      -0.024,
      0.194,
      0.156,
      0.24,
      0.108,
      0.458,
      0.281
    ],
    [
      0.113,
      -0.445,
      0.156,
      0.471,
      0.173,
      0.226,
      1.0,
      0.206,
      0.176,
      0.072,
      -0.153,
      0.623,
      0.259,
      0.256,
      0.936,
      -0.053,
      -0.012,
      0.409,
      0.006,
      0.144,
      0.428,
      0.26,
      0.067,
      0.42,
      0.149,
      0.127,
      -0.122,
      0.085,
      0.261,
      0.298,
      0.201,
      0.465,
      0.224,
      0.567,
      0.071,
      -0.125,
      -0.007,
      0.533,
      0.437,
      0.186,
      0.201,
      0.325,
      0.521,
      0.13,
      0.027,
      0.124,
      0.074,
      0.233,
      0.265,
      -0.03
    ],
    [
      0.343,
      0.187,
      0.035,
      0.382,
      0.423,
      0.267,
      0.206,
      1.0,
      0.362,
      0.275,
      0.046,
      0.384,
      0.028,
      0.142,
      0.219,
      -0.138,
      0.085,
      0.463,
      0.529,
      0.405,
      0.245,
      0.107,
      0.375,
      0.241,
      0.373,
      0.324,
      0.572,
      0.152,
      0.455,
      0.296,
      0.353,
      0.318,
      0.208,
      0.402,
      0.154,
      0.219,
      0.251,
      0.37,
      0.352,
      0.348,
      0.244,
      0.29,
      0.488,
      0.464,
      0.289,
      0.352,
      0.108,
      0.129,
      0.366,
      0.252
    ],
    [
      0.427,
      0.123,
      0.105,
      0.548,
      0.748,
      0.52,
      0.176,
      0.362,
      1.0,
      0.397,
      0.235,
      0.395,
      -0.15,
      0.224,
      0.25,
      0.058,
      0.108,
      0.591,
      0.46,
      0.624,
      0.329,
      0.237,
      0.546,
      0.548,
      0.908,
      0.912,
      0.299,
      0.253,
      0.527,
      0.395,
      0.502,
      0.19,
      0.298,
      0.373,
      0.47,
      0.283,
      0.271,
      0.401,
      0.294,
      0.548,
      0.179,
      0.446,
      0.642,
      0.187,
      -0.003,
      0.194,
      0.327,
      0.135,
      0.67,
      0.383
    ],
    [
      0.456,
      -0.052,
      -0.289,
      0.129,
      0.26,
      0.251,
      0.072,
      0.275,
      0.397,
      1.0,
      -0.11,
      0.303,
      0.311,
      0.223,
      0.027,
      0.188,
      0.197,
      0.413,
      0.124,
      0.406,
      0.328,
      0.228,
      0.426,
      0.325,
      0.34,
      0.334,
      0.335,
      0.096,
      0.266,
      0.338,
      0.311,
      0.105,
      0.034,
      0.328,
      0.449,
      0.277,
      0.125,
      0.362,
      0.308,
      0.354,
      0.095,
      0.262,
      0.433,
      0.396,
      0.052,
      0.192,
      0.112,
      -0.045,
      0.504,
      0.332
    ],
    [
      0.127,
      0.361,
      -0.064,
      0.182,
      0.142,
      0.167,
      -0.153,
      0.046,
      0.235,
      -0.11,
      1.0,
      -0.092,
      -0.294,
      -0.221,
      -0.144,
      -0.175,
      0.165,
      -0.05,
      0.223,
      0.04,
      -0.156,
      -0.038,
      0.199,
      -0.022,
      0.38,
      0.402,
      0.006,
      -0.141,
      0.12,
      -0.026,
      0.175,
      -0.224,
      -0.03,
      -0.173,
      -0.012,
      -0.072,
      0.254,
      -0.219,
      -0.304,
      0.262,
      -0.006,
      -0.041,
      -0.006,
      -0.029,
      -0.113,
      -0.174,
      -0.066,
      -0.199,
      0.142,
      0.023
    ],
    [
      0.185,
      -0.462,
      0.188,
      0.445,
      0.205,
      0.316,
      0.623,
      0.384,
      0.395,
      0.303,
      -0.092,
      1.0,
      0.3,
      0.412,
      0.584,
      0.12,
      0.126,
      0.457,
      0.118,
      0.344,
      0.589,
      0.357,
      0.527,
      0.496,
      0.417,
      0.403,
      0.209,
      0.247,
      0.371,
      0.494,
      0.442,
      0.387,
      0.247,
      0.66,
      0.525,
      0.352,
      0.333,
      0.674,
      0.505,
      0.46,
      0.374,
      0.536,
      0.714,
      0.453,
      0.298,
      0.456,
      0.215,
      0.231,
      0.549,
      0.386
    ],
    [
      -0.003,
      -0.247,
      -0.14,
      -0.084,
      -0.251,
      -0.085,
      0.259,
      0.028,
      -0.15,
      0.311,
      -0.294,
      0.3,
      1.0,
      0.111,
      0.172,
      0.095,
      0.186,
      -0.103,
      -0.147,
      -0.137,
      0.201,
      0.164,
      0.178,
      0.016,
      -0.212,
      -0.233,
      0.005,
      0.113,
      -0.094,
      0.127,
      0.23,
      0.106,
      0.018,
      0.187,
      0.318,
      0.151,
      0.018,
      0.149,
      0.247,
      0.124,
      0.119,
      0.114,
      0.151,
      0.325,
      -0.191,
      0.186,
      -0.019,
      -0.01,
      0.016,
      0.15
    ],
    [
      0.118,
      -0.174,
      0.077,
      0.103,
      0.111,
      -0.071,
      0.256,
      0.142,
      0.224,
      0.223,
      -0.221,
      0.412,
      0.111,
      1.0,
      0.258,
      0.159,
      0.234,
      0.403,
      -0.09,
      -0.041,
      0.529,
      0.315,
      0.238,
      0.455,
      0.206,
      0.208,
      0.022,
      0.202,
      0.022,
      0.642,
      0.117,
      0.656,
      0.297,
      0.597,
      0.249,
      0.099,
      0.06,
      0.644,
      0.696,
      0.129,
      0.411,
      0.342,
      0.486,
      0.453,
      0.045,
      0.316,
      0.15,
      0.113,
      0.285,
      0.155
    ],
    [
      0.107,
      -0.439,
      0.232,
      0.529,
      0.226,
      0.209,
      0.936,
      0.219,
      0.25,
      0.027,
      -0.144,
      0.584,
      0.172,
      0.258,
      1.0,
      -0.118,
      -0.027,
      0.438,
      -0.04,
      0.141,
      0.401,
      0.305,
      0.077,
      0.425,
      0.219,
      0.195,
      -0.101,
      0.203,
      0.183,
      0.367,
      0.172,
      0.467,
      0.314,
      0.558,
      0.095,
      -0.115,
      0.002,
      0.547,
      0.521,
      0.155,
      0.28,
      0.326,
      0.536,
      0.107,
      0.049,
      0.091,
      0.099,
      0.259,
      0.295,
      -0.036
    ],
    [
      0.012,
      -0.079,
      -0.182,
      0.033,
      0.025,
      0.099,
      -0.053,
      -0.138,
      0.058,
      0.188,
      -0.175,
      0.12,
      0.095,
      0.159,
      -0.118,
      1.0,
      -0.036,
      0.118,
      0.009,
      0.213,
      0.478,
      -0.058,
      0.178,
      0.052,
      -0.02,
      -0.01,
      -0.178,
      0.217,
      0.125,
      0.215,
      0.126,
      -0.022,
      0.136,
      0.227,
      0.413,
      0.263,
      0.028,
      0.335,
      0.119,
      0.034,
      0.176,
      0.509,
      0.074,
      -0.059,
      0.122,
      0.291,
      0.131,
      0.097,
      0.263,
      0.305
    ],
    [
      0.101,
      -0.079,
      0.129,
      -0.171,
      -0.15,
      -0.121,
      -0.012,
      0.085,
      0.108,
      0.197,
      0.165,
      0.126,
      0.186,
      0.234,
      -0.027,
      -0.036,
      1.0,
      -0.183,
      0.12,
      -0.092,
      0.148,
      0.118,
      0.146,
      0.151,
      -0.045,
      -0.014,
      -0.178,
      0.18,
      -0.112,
      0.262,
      0.213,
      0.11,
      0.349,
      0.064,
      0.221,
      -0.041,
      0.16,
      0.103,
      0.238,
      0.256,
      0.121,
      0.152,
      0.054,
      0.159,
      -0.016,
      -0.12,
      0.156,
      -0.125,
      0.033,
      -0.013
    ],
    [
      0.4,
      0.011,
      -0.005,
      0.612,
      0.652,
      0.552,
      0.409,
      0.463,
      0.591,
      0.413,
      -0.05,
      0.457,
      -0.103,
      0.403,
      0.438,
      0.118,
      -0.183,
      1.0,
      0.307,
      0.49,
      0.508,
      0.295,
      0.269,
      0.537,
      0.648,
      0.605,
      0.304,
      0.276,
      0.578,
      0.488,
      0.281,
      0.483,
      0.298,
      0.59,
      0.302,
      0.15,
      0.091,
      0.648,
      0.567,
      0.283,
      0.305,
      0.397,
      0.733,
      0.196,
      0.174,
      0.245,
      0.115,
      0.343,
      0.558,
      0.236
    ],
    [
      0.309,
      0.352,
      -0.068,
      0.241,
      0.431,
      0.388,
      0.006,
      0.529,
      0.46,
      0.124,
      0.223,
      0.118,
      -0.147,
      -0.09,
      -0.04,
      0.009,
      0.12,
      0.307,
      1.0,
      0.637,
      0.094,
      -0.008,
      0.309,
      0.134,
      0.437,
      0.421,
      0.256,
      0.17,
      0.426,
      0.071,
      0.458,
      -0.065,
      0.242,
      0.07,
      0.271,
      0.395,
      0.337,
      0.071,
      0.026,
      0.487,
      0.038,
      0.201,
      0.308,
      0.162,
      0.119,
      0.185,
      0.203,
      0.096,
      0.393,
      0.472
    ],
    [
      0.363,
      0.208,
      -0.03,
      0.469,
      0.565,
      0.514,
      0.144,
      0.405,
      0.624,
      0.406,
      0.04,
      0.344,
      -0.137,
      -0.041,
      0.141,
      0.213,
      -0.092,
      0.49,
      0.637,
      1.0,
      0.246,
      0.043,
      0.562,
      0.262,
      0.607,
      0.588,
      0.373,
      0.132,
      0.581,
      0.151,
      0.413,
      -0.151,
      0.205,
      0.233,
      0.435,
      0.581,
      0.391,
      0.271,
      0.069,
      0.448,
      -0.039,
      0.403,
      0.486,
      0.256,
      0.268,
      0.422,
      0.369,
      0.278,
      0.657,
      0.658
    ],
    [
      0.362,
      -0.332,
      -0.031,
      0.338,
      0.306,
      0.271,
      0.428,
      0.245,
      0.329,
      0.328,
      -0.156,
      0.589,
      0.201,
      0.529,
      0.401,
      0.478,
      0.148,
      0.508,
      0.094,
      0.246,
      1.0,
      0.264,
      0.346,
      0.362,
      0.264,
      0.235,
      -0.034,
      0.27,
      0.205,
      0.582,
      0.269,
      0.505,
      0.274,
      0.85,
      0.366,
      0.139,
      0.065,
      0.879,
      0.569,
      0.292,
      0.459,
      0.823,
      0.589,
      0.218,
      0.218,
      0.349,
      0.211,
      0.176,
      0.397,
      0.249
    ],
    [
      0.214,
      -0.21,
      0.155,
      0.11,
      0.006,
      0.102,
      0.26,
      0.107,
      0.237,
      0.228,
      -0.038,
      0.357,
      0.164,
      0.315,
      0.305,
      -0.058,
      0.118,
      0.295,
      -0.008,
      0.043,
      0.264,
      1.0,
      0.16,
      0.224,
      0.245,
      0.244,
      0.072,
      0.336,
      -0.05,
      0.491,
      0.073,
      0.276,
      0.431,
      0.293,
      0.328,
      0.181,
      -0.226,
      0.404,
      0.568,
      0.045,
      0.396,
      0.113,
      0.36,
      0.267,
      0.126,
      0.122,
      0.211,
      0.2,
      0.238,
      0.248
    ],
    [
      0.163,
      0.077,
      0.036,
      0.262,
      0.336,
      0.252,
      0.067,
      0.375,
      0.546,
      0.426,
      0.199,
      0.527,
      0.178,
      0.238,
      0.077,
      0.178,
      0.146,
      0.269,
      0.309,
      0.562,
      0.346,
      0.16,
      1.0,
      0.316,
      0.597,
      0.6,
      0.507,
      0.195,
      0.326,
      0.326,
      0.556,
      -0.046,
      0.181,
      0.394,
      0.564,
      0.631,
      0.483,
      0.384,
      0.206,
      0.538,
      0.147,
      0.432,
      0.566,
      0.598,
      0.234,
      0.517,
      0.209,
      0.042,
      0.637,
      0.717
    ],
    [
      0.243,
      -0.193,
      0.15,
      0.388,
      0.491,
      0.217,
      0.42,
      0.241,
      0.548,
      0.325,
      -0.022,
      0.496,
      0.016,
      0.455,
      0.425,
      0.052,
      0.151,
      0.537,
      0.134,
      0.262,
      0.362,
      0.224,
      0.316,
      1.0,
      0.559,
      0.545,
      0.165,
      0.152,
      0.373,
      0.476,
      0.336,
      0.426,
      0.252,
      0.488,
      0.301,
      0.258,
      0.297,
      0.506,
      0.554,
      0.313,
      0.248,
      0.319,
      0.667,
      0.225,
      -0.064,
      0.302,
      0.302,
      0.225,
      0.495,
      0.34
    ],
    [
      0.372,
      0.188,
      0.092,
      0.617,
      0.763,
      0.58,
      0.149,
      0.373,
      0.908,
      0.34,
      0.38,
      0.417,
      -0.212,
      0.206,
      0.219,
      -0.02,
      -0.045,
      0.648,
      0.437,
      0.607,
      0.264,
      0.245,
      0.597,
      0.559,
      1.0,
      0.993,
      0.409,
      0.193,
      0.593,
      0.373,
      0.475,
      0.123,
      0.266,
      0.369,
      0.441,
      0.362,
      0.367,
      0.382,
      0.237,
      0.523,
      0.158,
      0.399,
      0.709,
      0.254,
      0.055,
      0.246,
      0.257,
      0.068,
      0.697,
      0.47
    ],
    [
      0.353,
      0.182,
      0.065,
      0.565,
      0.722,
      0.557,
      0.127,
      0.324,
      0.912,
      0.334,
      0.402,
      0.403,
      -0.233,
      0.208,
      0.195,
      -0.01,
      -0.014,
      0.605,
      0.421,
      0.588,
      0.235,
      0.244,
      0.6,
      0.545,
      0.993,
      1.0,
      0.385,
      0.185,
      0.562,
      0.363,
      0.481,
      0.099,
      0.254,
      0.334,
      0.468,
      0.352,
      0.354,
      0.353,
      0.21,
      0.536,
      0.131,
      0.372,
      0.676,
      0.255,
      0.04,
      0.217,
      0.251,
      0.043,
      0.696,
      0.454
    ],
    [
      0.22,
      0.161,
      -0.117,
      0.333,
      0.318,
      0.299,
      -0.122,
      0.572,
      0.299,
      0.335,
      0.006,
      0.209,
      0.005,
      0.022,
      -0.101,
      -0.178,
      -0.178,
      0.304,
      0.256,
      0.373,
      -0.034,
      0.072,
      0.507,
      0.165,
      0.409,
      0.385,
      1.0,
      0.016,
      0.379,
      0.119,
      0.405,
      0.033,
      -0.101,
      0.081,
      0.16,
      0.422,
      0.207,
      0.057,
      0.079,
      0.332,
      0.088,
      0.099,
      0.235,
      0.564,
      0.426,
      0.26,
      0.126,
      0.21,
      0.264,
      0.367
    ],
    [
      0.006,
      0.036,
      0.055,
      0.214,
      0.241,
      0.296,
      0.085,
      0.152,
      0.253,
      0.096,
      -0.141,
      0.247,
      0.113,
      0.202,
      0.203,
      0.217,
      0.18,
      0.276,
      0.17,
      0.132,
      0.27,
      0.336,
      0.195,
      0.152,
      0.193,
      0.185,
      0.016,
      1.0,
      0.222,
      0.455,
      0.236,
      0.056,
      0.767,
      0.197,
      0.557,
      0.293,
      -0.007,
      0.365,
      0.492,
      0.143,
      0.419,
      0.229,
      0.301,
      -0.014,
      0.186,
      0.068,
      0.154,
      0.181,
      0.12,
      0.263
    ],
    [
      0.427,
      0.31,
      -0.052,
      0.673,
      0.633,
      0.593,
      0.261,
      0.455,
      0.527,
      0.266,
      0.12,
      0.371,
      -0.094,
      0.022,
      0.183,
      0.125,
      -0.112,
      0.578,
      0.426,
      0.581,
      0.205,
      -0.05,
      0.326,
      0.373,
      0.593,
      0.562,
      0.379,
      0.222,
      1.0,
      0.176,
      0.411,
      0.098,
      0.244,
      0.258,
      0.233,
      0.305,
      0.394,
      0.269,
      0.107,
      0.411,
      -0.019,
      0.298,
      0.47,
      0.206,
      0.115,
      0.095,
      0.28,
      0.266,
      0.415,
      0.332
    ],
    [
      0.27,
      -0.139,
      0.073,
      0.348,
      0.28,
      0.045,
      0.298,
      0.296,
      0.395,
      0.338,
      -0.026,
      0.494,
      0.127,
      0.642,
      0.367,
      0.215,
      0.262,
      0.488,
      0.071,
      0.151,
      0.582,
      0.491,
      0.326,
      0.476,
      0.373,
      0.363,
      0.119,
      0.455,
      0.176,
      1.0,
      0.35,
      0.57,
      0.462,
      0.585,
      0.476,
      0.137,
      0.051,
      0.65,
      0.833,
      0.325,
      0.688,
      0.461,
      0.53,
      0.382,
      0.349,
      0.223,
      0.135,
      0.123,
      0.456,
      0.195
    ],
    [
      0.318,
      0.058,
      -0.189,
      0.304,
      0.377,
      0.235,
      0.201,
      0.353,
      0.502,
      0.311,
      0.175,
      0.442,
      0.23,
      0.117,
      0.172,
      0.126,
      0.213,
      0.281,
      0.458,
      0.413,
      0.269,
      0.073,
      0.556,
      0.336,
      0.475,
      0.481,
      0.405,
      0.236,
      0.411,
      0.35,
      1.0,
      0.128,
      0.18,
      0.245,
      0.506,
      0.38,
      0.404,
      0.214,
      0.196,
      0.84,
      0.14,
      0.34,
      0.413,
      0.5,
      0.173,
      0.113,
      0.279,
      0.065,
      0.314,
      0.412
    ],
    [
      0.307,
      -0.336,
      0.051,
      0.33,
      0.179,
      0.067,
      0.465,
      0.318,
      0.19,
      0.105,
      -0.224,
      0.387,
      0.106,
      0.656,
      0.467,
      -0.022,
      0.11,
      0.483,
      -0.065,
      -0.151,
      0.505,
      0.276,
      -0.046,
      0.426,
      0.123,
      0.099,
      0.033,
      0.056,
      0.098,
      0.57,
      0.128,
      1.0,
      0.18,
      0.551,
      -0.018,
      -0.242,
      -0.056,
      0.566,
      0.703,
      0.17,
      0.373,
      0.35,
      0.375,
      0.288,
      0.113,
      0.118,
      0.171,
      0.23,
      0.136,
      -0.177
    ],
    [
      0.168,
      0.089,
      0.248,
      0.253,
      0.238,
      0.301,
      0.224,
      0.208,
      0.298,
      0.034,
      -0.03,
      0.247,
      0.018,
      0.297,
      0.314,
      0.136,
      0.349,
      0.298,
      0.242,
      0.205,
      0.274,
      0.431,
      0.181,
      0.252,
      0.266,
      0.254,
      -0.101,
      0.767,
      0.244,
      0.462,
      0.18,
      0.18,
      1.0,
      0.238,
      0.372,
      0.295,
      0.191,
      0.43,
      0.546,
      0.179,
      0.259,
      0.335,
      0.376,
      0.054,
      0.036,
      0.108,
      0.285,
      0.169,
      0.236,
      0.358
    ],
    [
      0.261,
      -0.281,
      0.12,
      0.394,
      0.4,
      0.25,
      0.567,
      0.402,
      0.373,
      0.328,
      -0.173,
      0.66,
      0.187,
      0.597,
      0.558,
      0.227,
      0.064,
      0.59,
      0.07,
      0.233,
      0.85,
      0.293,
      0.394,
      0.488,
      0.369,
      0.334,
      0.081,
      0.197,
      0.258,
      0.585,
      0.245,
      0.551,
      0.238,
      1.0,
      0.266,
      0.073,
      0.079,
      0.922,
      0.648,
      0.253,
      0.431,
      0.691,
      0.798,
      0.344,
      0.167,
      0.375,
      0.136,
      0.148,
      0.503,
      0.206
    ],
    [
      0.153,
      -0.071,
      -0.229,
      0.156,
      0.194,
      0.259,
      0.071,
      0.154,
      0.47,
      0.449,
      -0.012,
      0.525,
      0.318,
      0.249,
      0.095,
      0.413,
      0.221,
      0.302,
      0.271,
      0.435,
      0.366,
      0.328,
      0.564,
      0.301,
      0.441,
      0.468,
      0.16,
      0.557,
      0.233,
      0.476,
      0.506,
      -0.018,
      0.372,
      0.266,
      1.0,
      0.551,
      0.223,
      0.398,
      0.363,
      0.447,
      0.272,
      0.39,
      0.46,
      0.302,
      0.19,
      0.373,
      0.212,
      0.163,
      0.51,
      0.569
    ],
    [
      0.083,
      0.081,
      0.06,
      0.118,
      0.089,
      0.218,
      -0.125,
      0.219,
      0.283,
      0.277,
      -0.072,
      0.352,
      0.151,
      0.099,
      -0.115,
      0.263,
      -0.041,
      0.15,
      0.395,
      0.581,
      0.139,
      0.181,
      0.631,
      0.258,
      0.362,
      0.352,
      0.422,
      0.293,
      0.305,
      0.137,
      0.38,
      -0.242,
      0.295,
      0.073,
      0.551,
      1.0,
      0.539,
      0.18,
      0.136,
      0.351,
      0.052,
      0.245,
      0.36,
      0.413,
      0.186,
      0.595,
      0.275,
      0.148,
      0.454,
      0.936
    ],
    [
      0.17,
      0.071,
      0.128,
      0.263,
      0.21,
      0.181,
      -0.007,
      0.251,
      0.271,
      0.125,
      0.254,
      0.333,
      0.018,
      0.06,
      0.002,
      0.028,
      0.16,
      0.091,
      0.337,
      0.391,
      0.065,
      -0.226,
      0.483,
      0.297,
      0.367,
      0.354,
      0.207,
      -0.007,
      0.394,
      0.051,
      0.404,
      -0.056,
      0.191,
      0.079,
      0.223,
      0.539,
      1.0,
      0.098,
      0.03,
      0.451,
      -0.041,
      0.237,
      0.322,
      0.242,
      -0.048,
      0.394,
      0.335,
      0.098,
      0.461,
      0.567
    ],
    [
      0.284,
      -0.326,
      0.146,
      0.408,
      0.357,
      0.336,
      0.533,
      0.37,
      0.401,
      0.362,
      -0.219,
      0.674,
      0.149,
      0.644,
      0.547,
      0.335,
      0.103,
      0.648,
      0.071,
      0.271,
      0.879,
      0.404,
      0.384,
      0.506,
      0.382,
      0.353,
      0.057,
      0.365,
      0.269,
      0.65,
      0.214,
      0.566,
      0.43,
      0.922,
      0.398,
      0.18,
      0.098,
      1.0,
      0.723,
      0.212,
      0.494,
      0.734,
      0.766,
      0.295,
      0.207,
      0.396,
      0.241,
      0.207,
      0.551,
      0.29
    ],
    [
      0.18,
      -0.289,
      0.175,
      0.278,
      0.216,
      0.066,
      0.437,
      0.352,
      0.294,
      0.308,
      -0.304,
      0.505,
      0.247,
      0.696,
      0.521,
      0.119,
      0.238,
      0.567,
      0.026,
      0.069,
      0.569,
      0.568,
      0.206,
      0.554,
      0.237,
      0.21,
      0.079,
      0.492,
      0.107,
      0.833,
      0.196,
      0.703,
      0.546,
      0.648,
      0.363,
      0.136,
      0.03,
      0.723,
      1.0,
      0.183,
      0.633,
      0.366,
      0.605,
      0.342,
      0.211,
      0.28,
      0.149,
      0.297,
      0.398,
      0.186
    ],
    [
      0.379,
      0.035,
      -0.171,
      0.313,
      0.31,
      0.294,
      0.186,
      0.348,
      0.548,
      0.354,
      0.262,
      0.46,
      0.124,
      0.129,
      0.155,
      0.034,
      0.256,
      0.283,
      0.487,
      0.448,
      0.292,
      0.045,
      0.538,
      0.313,
      0.523,
      0.536,
      0.332,
      0.143,
      0.411,
      0.325,
      0.84,
      0.17,
      0.179,
      0.253,
      0.447,
      0.351,
      0.451,
      0.212,
      0.183,
      1.0,
      0.14,
      0.373,
      0.391,
      0.487,
      0.129,
      0.101,
      0.262,
      -0.039,
      0.378,
      0.402
    ],
    [
      -0.139,
      -0.225,
      0.206,
      0.253,
      0.082,
      0.039,
      0.201,
      0.244,
      0.179,
      0.095,
      -0.006,
      0.374,
      0.119,
      0.411,
      0.28,
      0.176,
      0.121,
      0.305,
      0.038,
      -0.039,
      0.459,
      0.396,
      0.147,
      0.248,
      0.158,
      0.131,
      0.088,
      0.419,
      -0.019,
      0.688,
      0.14,
      0.373,
      0.259,
      0.431,
      0.272,
      0.052,
      -0.041,
      0.494,
      0.633,
      0.14,
      1.0,
      0.373,
      0.291,
      0.111,
      0.467,
      0.181,
      -0.079,
      0.121,
      0.227,
      0.071
    ],
    [
      0.399,
      -0.218,
      0.015,
      0.501,
      0.388,
      0.379,
      0.325,
      0.29,
      0.446,
      0.262,
      -0.041,
      0.536,
      0.114,
      0.342,
      0.326,
      0.509,
      0.152,
      0.397,
      0.201,
      0.403,
      0.823,
      0.113,
      0.432,
      0.319,
      0.399,
      0.372,
      0.099,
      0.229,
      0.298,
      0.461,
      0.34,
      0.35,
      0.335,
      0.691,
      0.39,
      0.245,
      0.237,
      0.734,
      0.366,
      0.373,
      0.373,
      1.0,
      0.493,
      0.189,
      0.292,
      0.351,
      0.381,
      0.144,
      0.456,
      0.381
    ],
    [
      0.234,
      -0.141,
      0.213,
      0.501,
      0.583,
      0.462,
      0.521,
      0.488,
      0.642,
      0.433,
      -0.006,
      0.714,
      0.151,
      0.486,
      0.536,
      0.074,
      0.054,
      0.733,
      0.308,
      0.486,
      0.589,
      0.36,
      0.566,
      0.667,
      0.709,
      0.676,
      0.235,
      0.301,
      0.47,
      0.53,
      0.413,
      0.375,
      0.376,
      0.798,
      0.46,
      0.36,
      0.322,
      0.766,
      0.605,
      0.391,
      0.291,
      0.493,
      1.0,
      0.36,
      0.055,
      0.484,
      0.154,
      0.164,
      0.734,
      0.472
    ],
    [
      0.322,
      0.045,
      -0.145,
      0.111,
      0.074,
      -0.024,
      0.13,
      0.464,
      0.187,
      0.396,
      -0.029,
      0.453,
      0.325,
      0.453,
      0.107,
      -0.059,
      0.159,
      0.196,
      0.162,
      0.256,
      0.218,
      0.267,
      0.598,
      0.225,
      0.254,
      0.255,
      0.564,
      -0.014,
      0.206,
      0.382,
      0.5,
      0.288,
      0.054,
      0.344,
      0.302,
      0.413,
      0.242,
      0.295,
      0.342,
      0.487,
      0.111,
      0.189,
      0.36,
      1.0,
      0.197,
      0.338,
      0.151,
      -0.003,
      0.285,
      0.425
    ],
    [
      -0.074,
      -0.093,
      0.018,
      0.279,
      0.053,
      0.194,
      0.027,
      0.289,
      -0.003,
      0.052,
      -0.113,
      0.298,
      -0.191,
      0.045,
      0.049,
      0.122,
      -0.016,
      0.174,
      0.119,
      0.268,
      0.218,
      0.126,
      0.234,
      -0.064,
      0.055,
      0.04,
      0.426,
      0.186,
      0.115,
      0.349,
      0.173,
      0.113,
      0.036,
      0.167,
      0.19,
      0.186,
      -0.048,
      0.207,
      0.211,
      0.129,
      0.467,
      0.292,
      0.055,
      0.197,
      1.0,
      0.223,
      0.005,
      0.158,
      0.13,
      0.138
    ],
    [
      -0.014,
      -0.098,
      0.115,
      0.172,
      0.187,
      0.156,
      0.124,
      0.352,
      0.194,
      0.192,
      -0.174,
      0.456,
      0.186,
      0.316,
      0.091,
      0.291,
      -0.12,
      0.245,
      0.185,
      0.422,
      0.349,
      0.122,
      0.517,
      0.302,
      0.246,
      0.217,
      0.26,
      0.068,
      0.095,
      0.223,
      0.113,
      0.118,
      0.108,
      0.375,
      0.373,
      0.595,
      0.394,
      0.396,
      0.28,
      0.101,
      0.181,
      0.351,
      0.484,
      0.338,
      0.223,
      1.0,
      0.114,
      0.196,
      0.511,
      0.64
    ],
    [
      0.425,
      -0.04,
      -0.043,
      0.361,
      0.246,
      0.24,
      0.074,
      0.108,
      0.327,
      0.112,
      -0.066,
      0.215,
      -0.019,
      0.15,
      0.099,
      0.131,
      0.156,
      0.115,
      0.203,
      0.369,
      0.211,
      0.211,
      0.209,
      0.302,
      0.257,
      0.251,
      0.126,
      0.154,
      0.28,
      0.135,
      0.279,
      0.171,
      0.285,
      0.136,
      0.212,
      0.275,
      0.335,
      0.241,
      0.149,
      0.262,
      -0.079,
      0.381,
      0.154,
      0.151,
      0.005,
      0.114,
      1.0,
      0.33,
      0.249,
      0.345
    ],
    [
      0.171,
      -0.114,
      -0.066,
      0.323,
      0.226,
      0.108,
      0.233,
      0.129,
      0.135,
      -0.045,
      -0.199,
      0.231,
      -0.01,
      0.113,
      0.259,
      0.097,
      -0.125,
      0.343,
      0.096,
      0.278,
      0.176,
      0.2,
      0.042,
      0.225,
      0.068,
      0.043,
      0.21,
      0.181,
      0.266,
      0.123,
      0.065,
      0.23,
      0.169,
      0.148,
      0.163,
      0.148,
      0.098,
      0.207,
      0.297,
      -0.039,
      0.121,
      0.144,
      0.164,
      -0.003,
      0.158,
      0.196,
      0.33,
      1.0,
      0.173,
      0.183
    ],
    [
      0.273,
      -0.068,
      0.095,
      0.493,
      0.461,
      0.458,
      0.265,
      0.366,
      0.67,
      0.504,
      0.142,
      0.549,
      0.016,
      0.285,
      0.295,
      0.263,
      0.033,
      0.558,
      0.393,
      0.657,
      0.397,
      0.238,
      0.637,
      0.495,
      0.697,
      0.696,
      0.264,
      0.12,
      0.415,
      0.456,
      0.314,
      0.136,
      0.236,
      0.503,
      0.51,
      0.454,
      0.461,
      0.551,
      0.398,
      0.378,
      0.227,
      0.456,
      0.734,
      0.285,
      0.13,
      0.511,
      0.249,
      0.173,
      1.0,
      0.577
    ],
    [
      0.201,
      0.125,
      0.021,
      0.21,
      0.245,
      0.281,
      -0.03,
      0.252,
      0.383,
      0.332,
      0.023,
      0.386,
      0.15,
      0.155,
      -0.036,
      0.305,
      -0.013,
      0.236,
      0.472,
      0.658,
      0.249,
      0.248,
      0.717,
      0.34,
      0.47,
      0.454,
      0.367,
      0.263,
      0.332,
      0.195,
      0.412,
      -0.177,
      0.358,
      0.206,
      0.569,
      0.936,
      0.567,
      0.29,
      0.186,
      0.402,
      0.071,
      0.381,
      0.472,
      0.425,
      0.138,
      0.64,
      0.345,
      0.183,
      0.577,
      1.0
    ]
  ],
  "pairs": [
    {
      "ticker1": "AAPL",
      "ticker2": "AFL",
      "correlation": 0.162
    },
    {
      "ticker1": "AAPL",
      "ticker2": "AKAM",
      "correlation": -0.362
    },
    {
      "ticker1": "AAPL",
      "ticker2": "APO",
      "correlation": 0.397
    },
    {
      "ticker1": "AAPL",
      "ticker2": "AXP",
      "correlation": 0.451
    },
    {
      "ticker1": "AAPL",
      "ticker2": "BEN",
      "correlation": 0.3
    },
    {
      "ticker1": "AAPL",
      "ticker2": "BTC-USD",
      "correlation": 0.113
    },
    {
      "ticker1": "AAPL",
      "ticker2": "CCL",
      "correlation": 0.343
    },
    {
      "ticker1": "AAPL",
      "ticker2": "CFG",
      "correlation": 0.427
    },
    {
      "ticker1": "AAPL",
      "ticker2": "CHRW",
      "correlation": 0.456
    },
    {
      "ticker1": "AAPL",
      "ticker2": "CINF",
      "correlation": 0.127
    },
    {
      "ticker1": "AAPL",
      "ticker2": "CMI",
      "correlation": 0.185
    },
    {
      "ticker1": "AAPL",
      "ticker2": "DELL",
      "correlation": -0.003
    },
    {
      "ticker1": "AAPL",
      "ticker2": "EME",
      "correlation": 0.118
    },
    {
      "ticker1": "AAPL",
      "ticker2": "ETH-USD",
      "correlation": 0.107
    },
    {
      "ticker1": "AAPL",
      "ticker2": "FSLR",
      "correlation": 0.012
    },
    {
      "ticker1": "AAPL",
      "ticker2": "GILD",
      "correlation": 0.101
    },
    {
      "ticker1": "AAPL",
      "ticker2": "GS",
      "correlation": 0.4
    },
    {
      "ticker1": "AAPL",
      "ticker2": "HLT",
      "correlation": 0.309
    },
    {
      "ticker1": "AAPL",
      "ticker2": "HST",
      "correlation": 0.363
    },
    {
      "ticker1": "AAPL",
      "ticker2": "ICLN",
      "correlation": 0.362
    },
    {
      "ticker1": "AAPL",
      "ticker2": "INTC",
      "correlation": 0.214
    },
    {
      "ticker1": "AAPL",
      "ticker2": "IR",
      "correlation": 0.163
    },
    {
      "ticker1": "AAPL",
      "ticker2": "JNK",
      "correlation": 0.243
    },
    {
      "ticker1": "AAPL",
      "ticker2": "KBE",
      "correlation": 0.372
    },
    {
      "ticker1": "AAPL",
      "ticker2": "KRE",
      "correlation": 0.353
    },
    {
      "ticker1": "AAPL",
      "ticker2": "LUV",
      "correlation": 0.22
    },
    {
      "ticker1": "AAPL",
      "ticker2": "MCHP",
      "correlation": 0.006
    },
    {
      "ticker1": "AAPL",
      "ticker2": "MET",
      "correlation": 0.427
    },
    {
      "ticker1": "AAPL",
      "ticker2": "MPWR",
      "correlation": 0.27
    },
    {
      "ticker1": "AAPL",
      "ticker2": "NUE",
      "correlation": 0.318
    },
    {
      "ticker1": "AAPL",
      "ticker2": "NVDA",
      "correlation": 0.307
    },
    {
      "ticker1": "AAPL",
      "ticker2": "ON",
      "correlation": 0.168
    },
    {
      "ticker1": "AAPL",
      "ticker2": "PBW",
      "correlation": 0.261
    },
    {
      "ticker1": "AAPL",
      "ticker2": "PCAR",
      "correlation": 0.153
    },
    {
      "ticker1": "AAPL",
      "ticker2": "PHM",
      "correlation": 0.083
    },
    {
      "ticker1": "AAPL",
      "ticker2": "PKG",
      "correlation": 0.17
    },
    {
      "ticker1": "AAPL",
      "ticker2": "QCLN",
      "correlation": 0.284
    },
    {
      "ticker1": "AAPL",
      "ticker2": "SOXL",
      "correlation": 0.18
    },
    {
      "ticker1": "AAPL",
      "ticker2": "STLD",
      "correlation": 0.379
    },
    {
      "ticker1": "AAPL",
      "ticker2": "STX",
      "correlation": -0.139
    },
    {
      "ticker1": "AAPL",
      "ticker2": "TAN",
      "correlation": 0.399
    },
    {
      "ticker1": "AAPL",
      "ticker2": "TNA",
      "correlation": 0.234
    },
    {
      "ticker1": "AAPL",
      "ticker2": "TT",
      "correlation": 0.322
    },
    {
      "ticker1": "AAPL",
      "ticker2": "TUR",
      "correlation": -0.074
    },
    {
      "ticker1": "AAPL",
      "ticker2": "VMC",
      "correlation": -0.014
    },
    {
      "ticker1": "AAPL",
      "ticker2": "VTRS",
      "correlation": 0.425
    },
    {
      "ticker1": "AAPL",
      "ticker2": "WBD",
      "correlation": 0.171
    },
    {
      "ticker1": "AAPL",
      "ticker2": "WSM",
      "correlation": 0.273
    },
    {
      "ticker1": "AAPL",
      "ticker2": "XHB",
      "correlation": 0.201
    },
    {
      "ticker1": "AFL",
      "ticker2": "AKAM",
      "correlation": -0.214
    }
  ],
  "diversity_score": 72,
  "mean_abs_correlation": 0.276,
  "high_correlation_warnings": [
    {
      "ticker1": "KBE",
      "ticker2": "KRE",
      "correlation": 0.993
    },
    {
      "ticker1": "BTC-USD",
      "ticker2": "ETH-USD",
      "correlation": 0.936
    },
    {
      "ticker1": "PHM",
      "ticker2": "XHB",
      "correlation": 0.936
    },
    {
      "ticker1": "PBW",
      "ticker2": "QCLN",
      "correlation": 0.922
    },
    {
      "ticker1": "CFG",
      "ticker2": "KRE",
      "correlation": 0.912
    },
    {
      "ticker1": "CFG",
      "ticker2": "KBE",
      "correlation": 0.908
    },
    {
      "ticker1": "ICLN",
      "ticker2": "QCLN",
      "correlation": 0.879
    },
    {
      "ticker1": "ICLN",
      "ticker2": "PBW",
      "correlation": 0.85
    },
    {
      "ticker1": "NUE",
      "ticker2": "STLD",
      "correlation": 0.84
    },
    {
      "ticker1": "MPWR",
      "ticker2": "SOXL",
      "correlation": 0.833
    },
    {
      "ticker1": "ICLN",
      "ticker2": "TAN",
      "correlation": 0.823
    },
    {
      "ticker1": "PBW",
      "ticker2": "TNA",
      "correlation": 0.798
    },
    {
      "ticker1": "MCHP",
      "ticker2": "ON",
      "correlation": 0.767
    },
    {
      "ticker1": "QCLN",
      "ticker2": "TNA",
      "correlation": 0.766
    },
    {
      "ticker1": "AXP",
      "ticker2": "KBE",
      "correlation": 0.763
    },
    {
      "ticker1": "AXP",
      "ticker2": "CFG",
      "correlation": 0.748
    },
    {
      "ticker1": "QCLN",
      "ticker2": "TAN",
      "correlation": 0.734
    },
    {
      "ticker1": "TNA",
      "ticker2": "WSM",
      "correlation": 0.734
    },
    {
      "ticker1": "GS",
      "ticker2": "TNA",
      "correlation": 0.733
